4294967293,131
4294967293,130
4294967293,129
4294967293,128
4294967293,127
4294967293,126
4294967293,125
4294967293,124
4294967293,123
4294967293,122
4294967293,121
4294967293,120
4294967293,119
4294967293,118
4294967293,117
4294967293,116
4294967293,115
4294967293,114
4294967293,113
4294967293,112
4294967293,111
4294967293,110
4294967293,109
4294967293,108
4294967293,107
4294967293,106
4294967293,105
4294967293,104
4294967293,103
4294967293,102
4294967293,101
4294967293,100
4294967293,99
4294967293,98
4294967293,97
4294967293,96
4294967293,95
4294967293,94
4294967293,93
4294967293,92
4294967293,91
4294967293,90
4294967293,89
4294967293,87
4294967293,86
4294967293,85
4294967293,84
4294967293,83
4294967293,82
4294967293,81
4294967293,80
4294967293,79
4294967293,78
4294967293,77
4294967293,76
4294967293,75
4294967293,74
4294967293,73
4294967293,72
4294967293,71
4294967293,70
4294967293,69
4294967293,68
4294967293,67
4294967293,66
4294967293,65
4294967293,64
4294967293,63
4294967293,62
4294967293,61
4294967293,60
4294967293,59
4294967293,58
4294967293,57
4294967293,56
4294967293,55
4294967293,54
4294967293,53
4294967293,52
4294967293,51
4294967293,50
4294967293,49
4294967293,48
4294967293,47
4294967293,46
4294967293,45
4294967293,44
4294967293,43
4294967293,42
4294967293,41
4294967293,40
4294967293,39
4294967293,38
4294967293,37
4294967293,36
4294967293,35
4294967293,34
4294967293,33
4294967293,32
4294967293,31
4294967293,30
4294967293,29
4294967293,28
4294967293,27
4294967293,26
4294967293,25
4294967293,24
4294967293,23
4294967293,22
4294967293,21
4294967293,20
4294967293,19
4294967293,18
4294967293,17
4294967293,16
4294967293,15
4294967293,14
4294967293,13
4294967293,12
4294967293,11
4294967293,10
4294967293,9
4294967293,8
4294967293,7
4294967293,6
4294967293,5
4294967293,4
4294967293,3
4294967278,115
4294967278,114
4294967278,113
4294967278,112
4294967278,111
4294967278,110
4294967278,109
4294967278,108
4294967278,107
4294967278,106
4294967278,105
4294967278,104
4294967278,103
4294967278,102
4294967278,101
4294967278,100
4294967278,99
4294967278,98
4294967278,97
4294967278,96
4294967278,95
4294967278,94
4294967278,93
4294967278,92
4294967278,91
4294967278,90
4294967278,89
4294967278,87
4294967278,86
4294967278,85
4294967278,84
4294967278,83
4294967278,82
4294967294,423
4294967279,134
4294967278,134
4294967294,69
4294967279,133
4294967294,68
4294967294,1408
4294967294,1151
4294967294,1150
4294967278,133
4294967278,272
4294967279,274
4294967294,444
4294967294,103
4294967294,66
4294967294,388
4294967294,166
4294967294,168
4294967294,161
4294967294,113
4294967294,42
4294967294,76
4294967294,36
4294967294,39
4294967294,115
4294967294,51
4294967294,52
4294967294,112
4294967294,35
4294967294,440
4294967294,429
4294967279,283
4294967279,0
4294967294,431
4294967278,494
4294967294,1405
4294967294,1404
4294967278,493
4294967294,1403
4294967278,492
4294967294,1402
4294967294,1401
4294967278,491
4294967294,1400
4294967278,490
4294967294,1399
4294967294,1398
4294967278,489
4294967294,1397
4294967278,488
4294967294,1149
4294967294,1396
4294967278,487
4294967294,1395
4294967278,486
4294967294,1394
4294967294,1148
4294967294,1393
4294967294,1147
4294967278,485
4294967294,1392
4294967278,484
4294967294,1391
4294967278,483
4294967294,1390
4294967294,1389
4294967278,482
4294967294,1388
4294967278,481
4294967294,1387
4294967294,1146
4294967294,1386
4294967278,480
4294967294,1385
4294967278,479
4294967294,1384
4294967278,478
4294967294,1383
4294967294,1382
4294967278,477
4294967294,1381
4294967278,476
4294967294,1380
4294967294,1379
4294967278,475
4294967294,1378
4294967278,474
4294967294,1377
4294967294,1376
4294967278,473
4294967294,1375
4294967278,472
4294967294,1374
4294967294,1145
4294967278,471
4294967294,1373
4294967294,1372
4294967278,470
4294967294,1371
4294967278,469
4294967294,1370
4294967294,1144
4294967278,468
4294967294,1369
4294967294,1368
4294967278,467
4294967294,1367
4294967278,466
4294967294,1366
4294967294,1365
4294967278,465
4294967294,1364
4294967278,464
4294967294,1363
4294967294,1362
4294967278,463
4294967294,1361
4294967278,462
4294967294,1360
4294967294,1359
4294967278,461
4294967294,1143
4294967294,1358
4294967278,460
4294967294,1357
4294967294,1142
4294967278,459
4294967294,1356
4294967294,5
4294967294,1355
4294967278,458
4294967294,1354
4294967278,457
4294967294,1353
4294967278,456
4294967294,1352
4294967278,455
4294967294,1351
4294967294,1141
4294967294,1350
4294967278,454
4294967294,1349
4294967278,453
4294967294,1348
4294967278,452
4294967294,1347
4294967294,1346
4294967278,451
4294967294,1345
4294967294,0
4294967278,450
4294967294,1344
4294967294,1140
4294967278,449
4294967294,1343
4294967294,1342
4294967278,448
4294967294,1341
4294967278,447
4294967294,1340
4294967294,1339
4294967278,446
4294967294,1338
4294967278,445
4294967294,1337
4294967278,444
4294967294,1336
4294967294,1335
4294967278,443
4294967294,1139
4294967294,1334
4294967278,442
4294967294,1333
4294967294,1332
4294967278,441
4294967294,1331
4294967278,440
4294967294,1330
4294967294,1138
4294967278,439
4294967294,1329
4294967294,1328
4294967278,438
4294967294,1327
4294967294,1137
4294967278,437
4294967294,1326
4294967294,1325
4294967278,436
4294967294,1324
4294967278,435
4294967294,1323
4294967278,434
4294967294,1322
4294967294,1321
4294967278,433
4294967294,1320
4294967278,432
4294967294,1319
4294967294,1318
4294967278,431
4294967294,1317
4294967294,1136
4294967278,430
4294967294,1316
4294967278,429
4294967294,1315
4294967294,1314
4294967278,428
4294967294,1313
4294967278,427
4294967294,1312
4294967278,426
4294967294,1311
4294967278,425
4294967294,1310
4294967294,1135
4294967294,1309
4294967278,424
4294967294,1308
4294967278,423
4294967294,1307
4294967294,1306
